x <- c(31, 4, 15, 92, 65)
# if we were to run the function rank(x) it will return [1] 3 1 2 5 4
